1 27 24
2 26 59
3 35 60
4 55 65
5 66 14
6 66 8
7 64 4
8 59 5
9 50 4
10 48 21
11 44 13
12 35 16
13 36 6
14 26 13
15 30 20
16 40 20
17 36 26
18 43 26
19 45 35
20 50 50
21 55 50
22 51 42
23 40 37
24 41 46
25 35 51
26 10 70
27 21 36
28 11 28
29 6 25
30 16 19
31 12 17
32 15 5
33 15 14
34 21 45
35 21 48
36 7 43
37 26 29
38 20 30
39 22 22
40 29 39
41 12 38
42 9 56
43 15 56
44 17 64
45 30 60
46 40 60
47 31 76
48 40 66
49 50 70
50 57 72
51 47 66
52 55 57
53 70 64
54 62 57
55 62 48
56 67 41
57 65 27
58 50 30
59 55 20
60 54 10
61 50 15
62 60 15
63 52 26
64 62 24
65 62 35
66 54 38
67 50 40
68 55 45
69 55 34
70 45 42
71 40 40
72 33 44
73 30 50
74 22 53
75 33 34
76 38 33
76 27 24
